9.999874464647061645e-01 3.389887947560157465e-04 4.999199895308732711e-03 1.021388113607211295e-02 -3.196586561398276458e-04 9.999924722733040117e-01 -3.866938720634815162e-03 -8.778187012222694874e-03 -5.000473111594524490e-03 3.865292139362797984e-03 9.999800271932127727e-01 9.999093059197506905e-01 0.000000000000000000e+00 0.000000000000000000e+00 0.000000000000000000e+00 1.000000000000000000e+00
9.999742425839315274e-01 9.073967215029996904e-04 7.119747178288852486e-03 2.805337913507268723e-03 -8.480296715407456814e-04 9.999648873735215160e-01 -8.336957822652153738e-03 -1.123519166963908101e-03 -7.127062113461144974e-03 8.330705327299708918e-03 9.999399003612070569e-01 9.999954338815116861e-01 0.000000000000000000e+00 0.000000000000000000e+00 0.000000000000000000e+00 1.000000000000000000e+00
9.999504949447058921e-01 1.143482358937241610e-03 9.884336494295983128e-03 7.577514383902807585e-04 -1.131370142818221257e-03 9.999986024428183518e-01 -1.230899675003021719e-03 5.629282414439126456e-03 -9.885730192434520266e-03 1.219655896055336529e-03 9.999503911585103655e-01 9.999838683660131622e-01 0.000000000000000000e+00 0.000000000000000000e+00 0.000000000000000000e+00 1.000000000000000000e+00
9.998708973357589569e-01 2.275455914436768940e-03 1.590631828442437903e-02 2.820023161575116455e-02 -2.262589146478433295e-03 9.999970984936072949e-01 -8.268583439748603990e-04 5.626194742471203603e-03 -1.590815361184939533e-02 7.907621312489318370e-04 9.998731446258140032e-01 9.995864609274867085e-01 0.000000000000000000e+00 0.000000000000000000e+00 0.000000000000000000e+00 1.000000000000000000e+00
9.996472016766828617e-01 2.080085371806694988e-03 2.647915075720825087e-02 2.772289281926464816e-02 -2.109004335302744164e-03 9.999972097212541655e-01 1.064260503638610016e-03 8.261799200344128666e-03 -2.647686312029093325e-02 -1.119729678059143418e-03 9.996487992914098175e-01 9.995815043745582829e-01 0.000000000000000000e+00 0.000000000000000000e+00 0.000000000000000000e+00 1.000000000000000000e+00
9.992611193880392984e-01 2.229444693513845440e-03 3.836984305051791000e-02 3.876223659371492991e-02 -2.307211002374346363e-03 9.999953730359059101e-01 1.982595311728110963e-03 7.930265918140985693e-03 -3.836524542803416982e-02 -2.069657734536971532e-03 9.992616396420453961e-01 9.992169933986914110e-01 0.000000000000000000e+00 0.000000000000000000e+00 0.000000000000000000e+00 1.000000000000000000e+00
9.980790945845182671e-01 3.901731320502109090e-03 6.182958390649696823e-02 8.223488661755713747e-02 -3.961024125329555383e-03 9.999918053040515176e-01 8.364284921278855979e-04 7.870677455333529096e-03 -6.182581371261109543e-02 -1.079730265620399907e-03 9.980863704816971271e-01 9.965818962129465719e-01 0.000000000000000000e+00 0.000000000000000000e+00 0.000000000000000000e+00 1.000000000000000000e+00
9.950034238514208207e-01 7.624859782358689442e-03 9.954922419210188167e-02 1.481522590308355924e-01 -8.065658928147765097e-03 9.999593664746306843e-01 4.026232197712305109e-03 4.769572347598535593e-03 -9.951447970021641554e-02 -4.809044910839784838e-03 9.950244928729348182e-01 9.889530622449588249e-01 0.000000000000000000e+00 0.000000000000000000e+00 0.000000000000000000e+00 1.000000000000000000e+00
9.910360042118080415e-01 -6.624055103777163299e-03 1.334307320293013077e-01 1.752350747854187485e-01 5.611263646909539840e-03 9.999525350847857652e-01 7.965004569694773481e-03 -1.785298693297926659e-04 -1.334771593800901102e-01 -7.144891286262532344e-03 9.910261340914927608e-01 9.845266053754131441e-01 0.000000000000000000e+00 0.000000000000000000e+00 0.000000000000000000e+00 1.000000000000000000e+00
9.880595695629427189e-01 4.398240122800022196e-03 1.540095532066588779e-01 1.557878690099584185e-01 -4.684058647470464021e-03 9.999879151441516401e-01 1.493037253452019581e-03 9.072842065546232737e-03 -1.540011252870561453e-01 -2.196599525477948515e-03 9.880682306201556964e-01 9.877488665679095003e-01 0.000000000000000000e+00 0.000000000000000000e+00 0.000000000000000000e+00 1.000000000000000000e+00
9.846410736471896685e-01 -2.689641314018514310e-04 1.745906175749588618e-01 2.678677455368339566e-01 9.889823969515803420e-04 9.999913620372197220e-01 -4.037049016968280099e-03 2.608699975774929087e-03 -1.745880236463200619e-01 4.147711325888515932e-03 9.846328343550349027e-01 9.634521605069193972e-01 0.000000000000000000e+00 0.000000000000000000e+00 0.000000000000000000e+00 1.000000000000000000e+00
9.818955494726574473e-01 1.925051482661799956e-03 1.894133683312170524e-01 2.944654009407500217e-01 -2.281311525207641976e-03 9.999960152675988478e-01 1.662848955647964599e-03 -7.501705517228875186e-03 -1.894094124997834916e-01 -2.064854889198367797e-03 9.818960285237806618e-01 9.556326972551408838e-01 0.000000000000000000e+00 0.000000000000000000e+00 0.000000000000000000e+00 1.000000000000000000e+00
9.803318044639902640e-01 2.193525163611426479e-03 1.973442211054917683e-01 2.857880402634465633e-01 -1.431504674489385461e-03 9.999909595611280455e-01 -4.003946850402360924e-03 2.325356095624198875e-03 -1.973512197852941574e-01 3.642697265836866271e-03 9.803260818757635331e-01 9.582900337379114397e-01 0.000000000000000000e+00 0.000000000000000000e+00 0.000000000000000000e+00 1.000000000000000000e+00
9.827888691876772720e-01 -8.209877272564754594e-03 1.845498212298685714e-01 2.697303130227448609e-01 8.621089988414373101e-03 9.999618210960027342e-01 -1.425888416885072842e-03 2.691990678637071460e-03 -1.845310689510532565e-01 2.992367880987154873e-03 9.828221254765514558e-01 9.629321426885897317e-01 0.000000000000000000e+00 0.000000000000000000e+00 0.000000000000000000e+00 1.000000000000000000e+00
9.877002202646020246e-01 -1.016777639636860971e-02 1.560284948732447718e-01 2.202999188631350191e-01 1.011461198922195860e-02 9.999482022007470938e-01 1.134698110279377817e-03 4.093495326863295924e-03 -1.560319502972523087e-01 4.574261114484089673e-04 9.877519026799129742e-01 9.754235946730555051e-01 0.000000000000000000e+00 0.000000000000000000e+00 0.000000000000000000e+00 1.000000000000000000e+00
9.937979827057065174e-01 -9.670957221672946483e-03 1.107792496656535425e-01 1.567161110936160506e-01 1.050848980086568039e-02 9.999204294421387695e-01 -6.978998950666818850e-03 3.712883316296911561e-03 -1.107029412986561823e-01 8.099837693737009167e-03 9.938205328011500139e-01 9.876367120663208654e-01 0.000000000000000000e+00 0.000000000000000000e+00 0.000000000000000000e+00 1.000000000000000000e+00
9.983402598795705352e-01 -9.703221634737057774e-03 5.676771083546302415e-02 8.675315249967760489e-02 9.868513506102754088e-03 9.999478408608215574e-01 -2.632109222996897955e-03 1.028151546127342199e-02 -5.673920994137509471e-02 3.187953526808436598e-03 9.983839436847625759e-01 9.961767819876083951e-01 0.000000000000000000e+00 0.000000000000000000e+00 0.000000000000000000e+00 1.000000000000000000e+00
9.998516111814566010e-01 2.835310121403913138e-03 1.699166367255309368e-02 3.191716804665769170e-03 -2.632736929031181516e-03 9.999253398800467263e-01 -1.193244995950397749e-02 -3.109003282232370661e-03 -1.702422726904841838e-02 1.188594473691574963e-02 9.997844267658917428e-01 9.999900734719470163e-01 0.000000000000000000e+00 0.000000000000000000e+00 0.000000000000000000e+00 1.000000000000000000e+00
9.999712090287558031e-01 6.451901398533100088e-03 -3.994256114955785190e-03 1.909096746248473489e-02 -6.463010960362960099e-03 9.999752648114157427e-01 -2.774753081954311421e-03 -6.714501820980584186e-03 3.976254882987485459e-03 2.800488115167567172e-03 9.999881732617752483e-01 -9.997952042426700991e-01 0.000000000000000000e+00 0.000000000000000000e+00 0.000000000000000000e+00 1.000000000000000000e+00
